BLITZ_SWEEP_SAVE_V1
1
310
91
8
8
10
0,0,0,1 0,0,0,1 0,1,0,1 0,1,0,0 0,1,0,0 0,1,0,1 0,0,0,1 0,0,0,1
0,0,0,1 1,0,0,0 0,1,0,1 0,1,0,0 0,1,0,0 0,1,0,1 1,0,0,0 0,0,0,1
0,1,0,1 0,1,0,1 0,1,0,1 0,1,0,0 0,1,0,0 0,1,0,1 0,0,0,1 0,0,0,1
0,1,0,0 0,1,0,0 0,1,0,0 0,1,0,0 0,1,0,1 0,1,0,1 0,0,0,1 0,0,0,0
0,1,0,0 0,1,0,1 0,1,0,1 0,1,0,2 0,1,0,2 1,0,0,0 0,0,0,3 0,0,0,2
0,1,0,0 0,1,0,2 1,0,0,0 0,0,0,3 1,0,0,0 0,0,0,3 1,0,0,0 1,0,0,0
0,1,0,0 0,1,0,2 1,0,0,0 0,0,0,4 0,0,0,3 0,0,0,3 0,0,0,3 0,0,0,2
0,1,0,0 0,1,0,1 0,0,0,2 1,0,0,0 0,0,0,2 1,0,0,0 0,0,0,1 0,0,0,0
